1612668913179,289328696522512,160.2539,-291.21094,-60.64453
1612668913187,289328716971786,158.98438,-289.55078,-60.351562
1612668913189,289328735040398,159.57031,-288.28125,-60.742188
1612668913203,289328754268819,158.4961,-287.89062,-59.960938
1612668913210,289328773649847,158.4961,-287.3047,-60.742188
1612668913225,289328792664620,158.00781,-287.20703,-60.64453
1612668913248,289328811709913,157.91016,-286.03516,-60.351562
1612668913265,289328830755207,157.91016,-285.7422,-60.44922
1612668913290,289328850441448,158.20312,-284.47266,-59.570312
1612668913306,289328869334135,157.32422,-284.08203,-60.058594
1612668913323,289328888257343,158.00781,-282.6172,-59.960938
1612668913343,289328907363680,157.32422,-281.15234,-59.765625
1612668913362,289328926317409,157.32422,-281.0547,-60.44922
1612668913381,289328945332182,157.51953,-279.78516,-60.058594
1612668913400,289328964346954,156.9336,-279.29688,-60.253906
1612668913420,289328983422769,157.51953,-278.51562,-60.253906
1612668913439,289329002712233,156.83594,-277.83203,-60.351562
1612668913458,289329021604920,157.1289,-276.46484,-60.058594
1612668913476,289329040589171,157.03125,-275.8789,-60.351562
1612668913493,289329059756550,156.73828,-275.0,-59.66797
1612668913526,289329078801843,156.83594,-274.8047,-60.351562
1612668913531,289329097816616,156.25,-274.21875,-59.277344
1612668913549,289329117350250,156.64062,-273.92578,-59.375
1612668913570,289329135907203,156.44531,-274.90234,-59.66797
1612668913590,289329155166146,155.76172,-275.58594,-58.88672
1612668913607,289329174150397,155.85938,-274.8047,-58.691406
1612668913625,289329193266387,156.05469,-274.21875,-59.277344
1612668913645,289329212342202,156.34766,-274.3164,-59.179688
1612668913665,289329231265411,156.64062,-274.90234,-59.179688
1612668913722,289329273323767,156.34766,-274.60938,-59.570312
1612668913728,289329289072760,156.44531,-275.1953,-59.179688
1612668913742,289329308392746,156.15234,-275.6836,-58.691406
1612668913758,289329327499082,156.15234,-275.8789,-58.984375
1612668913779,289329346483333,156.25,-276.26953,-59.765625
1612668913797,289329365559148,156.44531,-276.5625,-59.179688
1612668913816,289329384604441,156.54297,-276.7578,-59.375
1612668913836,289329403588692,156.64062,-277.14844,-59.179688
1612668913855,289329422603465,157.03125,-276.95312,-58.88672
1612668913873,289329441648758,156.64062,-277.05078,-58.691406
1612668913892,289329460663531,156.44531,-277.34375,-58.88672
1612668913912,289329479678303,156.54297,-277.14844,-58.59375
1612668913934,289329498754118,156.44531,-276.95312,-58.59375
1612668913949,289329517799411,156.9336,-276.95312,-59.179688
1612668913968,289329536692099,156.73828,-276.85547,-58.984375
1612668913989,289329555767913,157.1289,-277.2461,-58.984375
1612668914007,289329574752164,157.22656,-277.2461,-58.984375
1612668914025,289329593827979,156.73828,-277.05078,-58.691406
1612668914044,289329612873273,157.42188,-276.3672,-59.66797
1612668914064,289329631918567,156.73828,-276.85547,-59.277344
1612668914083,289329650994382,156.34766,-276.66016,-59.570312
1612668914102,289329670009154,156.64062,-277.2461,-58.691406
1612668914121,289329689023926,156.73828,-276.46484,-58.984375
1612668914141,289329708099741,156.54297,-276.26953,-58.984375
1612668914162,289329727175556,156.64062,-275.78125,-59.960938
1612668914178,289329746159807,156.15234,-275.39062,-59.179688
1612668914197,289329765205101,156.34766,-273.4375,-58.496094
1612668914216,289329784280916,156.64062,-270.80078,-57.8125
1612668914238,289329803326209,155.95703,-267.48047,-56.445312
1612668914253,289329822371503,155.85938,-264.64844,-56.54297
1612668914272,289329841447318,155.66406,-259.86328,-53.41797
1612668914292,289329860492611,155.27344,-254.49219,-49.121094
1612668914314,289329879568426,154.88281,-249.70703,-46.777344
1612668914330,289329898613720,153.32031,-245.60547,-41.601562
1612668914349,289329917659013,152.83203,-241.79688,-37.79297
1612668914369,289329936673786,151.75781,-239.0625,-32.421875
1612668914387,289329955627515,151.36719,-236.91406,-28.320312
1612668914406,289329974764373,150.78125,-235.64453,-24.414062
1612668914426,289329993779145,150.19531,-235.15625,-21.582031
1612668914448,289330012824439,150.0,-235.54688,-20.410156
1612668914474,289330031839211,149.3164,-235.74219,-20.410156
1612668914486,289330052105357,148.63281,-235.74219,-19.042969
1612668914502,289330070021362,147.94922,-235.44922,-18.945312
1612668914552,289330102862285,147.5586,-236.32812,-18.554688
1612668914566,289330112079719,145.80078,-236.23047,-17.089844
1612668914582,289330137107188,145.70312,-236.52344,-18.261719
1612668914583,289330147423389,144.72656,-236.23047,-17.089844
1612668914598,289330166010863,144.6289,-236.52344,-16.894531
1612668914626,289330185269806,144.14062,-237.01172,-17.871094
1612668914640,289330204223535,144.04297,-237.10938,-17.96875
1612668914654,289330223207786,143.35938,-237.89062,-19.042969
1612668914674,289330242344644,143.16406,-237.89062,-21.289062
1612668914693,289330261359416,144.04297,-237.98828,-22.460938
1612668914717,289330280374189,144.72656,-238.3789,-25.195312
1612668914731,289330299358440,145.60547,-239.16016,-27.148438
1612668914750,289330318403733,146.97266,-240.42969,-30.175781
1612668914768,289330337418506,148.33984,-240.91797,-31.738281
1612668914790,289330356555363,150.19531,-241.11328,-33.88672
1612668914807,289330375539614,151.5625,-241.40625,-35.15625
1612668914847,289330394584908,154.39453,-240.72266,-35.253906
1612668914849,289330413599680,156.73828,-240.13672,-36.035156
1612668914864,289330432583931,158.6914,-239.7461,-35.742188
1612668914886,289330451629225,161.71875,-240.23438,-37.304688
1612668914902,289330470613476,163.76953,-240.33203,-36.914062
1612668920402,289330489841897,166.21094,-240.91797,-37.695312
1612668920403,289330508612499,167.67578,-240.91797,-38.76953
1612668920469,289331102705864,148.63281,-244.4336,-38.867188
1612668920471,289331121903765,148.63281,-245.21484,-38.085938
1612668920472,289331140979580,149.21875,-244.92188,-38.76953
1612668920474,289331160177481,149.21875,-244.6289,-38.378906
1612668920475,289331179405904,148.92578,-244.72656,-38.76953
1612668920477,289331198481719,149.21875,-245.50781,-39.35547
1612668920478,289331217649098,149.51172,-245.21484,-40.039062
1612668920480,289331236816477,149.60938,-245.3125,-39.55078
1612668920481,289331256014378,149.80469,-245.11719,-39.35547
1612668920483,289331275120715,149.90234,-245.3125,-39.55078
1612668920489,289331294288094,149.3164,-245.21484,-38.085938
1612668920490,289331313638601,149.90234,-244.53125,-38.476562
1612668920492,289331332622852,150.0,-244.33594,-37.98828
1612668920493,289331351790231,150.0,-244.04297,-38.378906
1612668920494,289331370957610,149.90234,-244.6289,-37.79297
1612668920495,289331390613323,149.60938,-243.65234,-36.42578
1612668920497,289331409780702,149.51172,-243.26172,-36.42578
1612668920498,289331428948081,149.21875,-242.8711,-35.9375
1612668920499,289331447962854,148.73047,-242.8711,-35.351562
1612668920501,289331467374405,148.53516,-241.99219,-33.984375
1612668920502,289331489654956,148.33984,-242.1875,-32.910156
1612668920503,289331505434471,147.65625,-240.91797,-31.445312
1612668920504,289331527715022,147.26562,-241.01562,-30.175781
1612668920505,289331546882401,146.1914,-239.7461,-27.636719
1612668920507,289331563424948,145.41016,-239.64844,-25.878906
1612668920508,289331584881425,144.6289,-239.0625,-24.804688
1612668920510,289331605025486,143.94531,-238.3789,-21.972656
1612668920511,289331623368791,143.16406,-238.47656,-20.410156
1612668920512,289331642536170,142.08984,-239.16016,-19.238281
1612668920513,289331661734071,141.3086,-239.25781,-18.554688
1612668920515,289331681023530,140.72266,-239.16016,-17.285156
1612668920516,289331699763611,139.84375,-239.45312,-16.601562
1612668920517,289331718839426,139.25781,-239.55078,-15.722656
1612668920519,289331737701593,138.28125,-239.55078,-14.84375
1612668920520,289331756930014,137.89062,-239.45312,-14.453125
1612668920522,289331775670095,138.1836,-240.23438,-15.332031
1612668920523,289331794623826,137.89062,-240.33203,-16.015625
1612668920524,289331813791205,138.08594,-240.03906,-16.894531
1612668920526,289331833111190,138.47656,-240.625,-17.773438
1612668920527,289331851820749,139.0625,-240.52734,-18.945312
1612668920528,289331870774480,139.9414,-240.82031,-21.582031
1612668920530,289331890399679,140.33203,-240.72266,-22.460938
1612668920531,289331909658622,141.89453,-240.52734,-24.902344
1612668920532,289331928673395,143.84766,-239.16016,-25.488281
1612668920534,289331947901818,145.21484,-239.9414,-26.855469
1612668920535,289331967435445,147.16797,-240.23438,-30.761719
1612668920536,289331985656664,149.70703,-240.625,-32.910156
1612668920537,289332005037693,151.36719,-241.21094,-33.496094
1612668920538,289332024388200,154.58984,-241.01562,-35.15625
1612668920540,289332043189323,156.34766,-240.42969,-35.64453
1612668920541,289332062387224,158.98438,-240.33203,-37.402344
1612668920543,289332081463039,160.74219,-240.52734,-37.402344
1612668920544,289332100721982,162.30469,-240.91797,-38.183594
1612668920545,289332119797797,163.76953,-242.57812,-40.234375
1612668920546,289332139087262,164.64844,-243.26172,-41.11328
1612668920548,289332158010471,165.33203,-242.96875,-41.503906
1612668920549,289332177177850,165.33203,-242.77344,-41.210938
1612668920551,289332196375751,165.42969,-242.67578,-41.210938
1612668920552,289332215512608,164.55078,-243.55469,-41.796875
1612668920553,289332234649467,164.16016,-244.14062,-42.871094
1612668929617,289332253786318,163.67188,-244.92188,-43.652344
1612668929619,289332272923177,163.1836,-245.50781,-43.652344
1612668929620,289332292090556,162.40234,-246.38672,-45.117188
1612668929621,289332311288457,160.44922,-248.04688,-46.679688
1612668929622,289332330425314,159.76562,-250.48828,-48.92578
1612668929624,289332349562173,158.39844,-254.10156,-49.902344
1612668929625,289332368699030,157.71484,-257.71484,-52.734375
1612668929626,289332387835889,155.85938,-260.54688,-54.6875
1612668929627,289332407064310,154.78516,-266.11328,-56.73828
1612668929629,289332445246461,153.61328,-271.6797,-58.691406
1612668929630,289332464413840,152.4414,-281.73828,-60.64453
1612668929631,289332483642263,152.05078,-284.375,-59.66797
1612668929632,289332502748600,151.26953,-285.7422,-59.375
1612668929633,289332521946501,150.78125,-285.83984,-58.496094
1612668929635,289332541113880,150.78125,-285.54688,-58.007812
1612668929636,289332560250730,150.29297,-285.64453,-58.203125
1612668929638,289332579479153,150.39062,-285.35156,-58.59375
1612668929641,289332598554968,150.09766,-285.7422,-58.59375
1612668929642,289332617783389,149.90234,-286.1328,-59.179688
1612668929644,289332636920248,150.0,-286.42578,-58.496094
1612668929646,289332656057105,149.3164,-285.64453,-58.203125
1612668929647,289332675285528,149.90234,-285.44922,-58.984375
1612668929649,289332694422385,149.90234,-285.0586,-58.496094
1612668929650,289332713650808,149.51172,-284.86328,-57.910156
1612668929652,289332732726623,149.90234,-285.15625,-58.59375
1612668929654,289332751924524,149.80469,-285.44922,-58.691406
1612668929655,289332771030861,149.80469,-285.9375,-59.66797
1612668929656,289332790228762,150.0,-285.64453,-58.691406
1612668929658,289332809396141,149.70703,-284.5703,-59.375
1612668929659,289332828594042,150.09766,-285.0586,-58.691406
1612668929660,289332847761413,150.0,-284.66797,-59.765625
1612668929661,289332866898270,149.80469,-285.15625,-59.375
1612668929663,289332886065649,150.09766,-284.76562,-58.88672
1612668929664,289332905263550,150.09766,-283.98438,-59.375
1612668929665,289332924644579,150.09766,-283.0078,-59.179688
1612668929667,289332943567788,149.70703,-283.10547,-59.570312
1612668929668,289332962704645,150.19531,-283.20312,-58.88672
1612668929670,289332981872024,149.90234,-282.51953,-58.691406
1612668929671,289333001008881,149.90234,-283.78906,-58.59375
1612668929672,289333020084696,150.19531,-283.0078,-58.59375
1612668929673,289333039221555,149.41406,-283.39844,-58.59375
1612668929674,289333058388934,149.80469,-282.6172,-58.88672
1612668929675,289333077586835,149.70703,-282.42188,-59.179688
1612668929676,289333096784736,149.51172,-281.9336,-58.496094
1612668929677,289333115891073,149.70703,-281.4453,-59.375
1612668929678,289333135058446,149.41406,-281.34766,-58.496094
1612668929680,289333154195305,149.51172,-279.98047,-57.910156
1612668929681,289333173362684,149.1211,-279.0039,-57.617188
1612668929682,289333192621627,149.3164,-276.66016,-57.617188
1612668929683,289333211727964,149.02344,-273.2422,-56.54297
1612668929684,289333230834301,148.82812,-269.14062,-55.17578
1612668929685,289333250032202,148.33984,-264.55078,-53.41797
1612668929686,289333269169059,147.7539,-259.86328,-51.5625
1612668929688,289333288275396,146.875,-255.27344,-47.753906
1612668929690,289333307473297,146.38672,-250.29297,-43.26172
1612668929692,289333327190060,145.41016,-246.67969,-39.35547
1612668929693,289333345777535,144.23828,-243.0664,-33.789062
1612668929694,289333364944914,142.77344,-240.72266,-29.589844
1612668929695,289333384142815,141.21094,-239.9414,-25.976562
1612668929697,289333403310194,140.33203,-238.96484,-22.753906
1612668929698,289333422477565,139.0625,-239.16016,-20.3125
1612668929700,289333441644944,138.67188,-239.35547,-18.164062
1612668929702,289333460812323,137.89062,-240.03906,-17.1875
1612668929703,289333479949182,137.01172,-239.7461,-15.722656
1612668929705,289333499055519,136.8164,-240.13672,-14.84375
1612668929706,289333518161856,135.54688,-240.52734,-14.355469
1612668929707,289333537237671,134.66797,-240.72266,-14.0625
1612668929709,289333556374530,134.66797,-241.11328,-13.28125
1612668929710,289333575572431,134.27734,-241.21094,-14.160156
1612668929711,289333594739810,133.4961,-241.5039,-14.6484375
1612668929713,289333613937711,133.6914,-241.69922,-15.722656
1612668929714,289333632952484,133.78906,-242.08984,-17.578125
1612668929715,289333652180907,133.6914,-241.79688,-17.96875
1612668929716,289333671317764,133.98438,-243.0664,-19.921875
1612668929718,289333690485143,135.0586,-242.57812,-20.996094
1612668929719,289333709621991,135.44922,-242.77344,-22.753906
1612668929720,289333728728328,136.6211,-242.8711,-24.21875
1612668929722,289333747926229,138.08594,-242.77344,-25.976562
1612668929723,289333767063086,139.0625,-242.8711,-28.613281
1612668929724,289333786199945,140.82031,-243.16406,-30.859375
1612668929726,289333805397846,142.38281,-242.96875,-31.738281
1612668929728,289333824595747,144.33594,-243.0664,-33.789062
1612668929729,289333861770696,146.77734,-243.55469,-36.035156
1612668929730,289333863663017,146.77734,-243.55469,-36.035156
1612668929732,289333882403098,151.07422,-243.16406,-37.695312
1612668929733,289333901570477,153.22266,-242.38281,-38.378906
1612668929734,289333920768378,155.46875,-242.1875,-39.160156
1612668929736,289333939996799,156.34766,-242.08984,-38.76953
1612668929737,289333959164178,158.78906,-242.67578,-40.039062
1612668929738,289333978850419,160.15625,-242.08984,-39.55078
1612668929740,289333998048313,161.52344,-242.1875,-40.527344
1612668929741,289334017215692,161.6211,-242.67578,-39.746094
1612668929743,289334036413593,161.71875,-242.57812,-41.308594
1612668929746,289334055428366,161.91406,-242.57812,-40.039062
1612668929747,289334074504181,161.32812,-243.55469,-41.796875
1612668929749,289334096876298,160.44922,-244.23828,-43.26172
1612668929750,289334116501497,159.57031,-245.80078,-44.628906
1612668929751,289334135180536,159.27734,-246.38672,-44.04297
1612668929752,289334154134267,158.20312,-247.5586,-45.410156
1612668929753,289334170280038,157.42188,-249.80469,-46.679688
1612668929754,289334192469027,156.83594,-253.22266,-49.21875
1612668929755,289334211880576,155.76172,-259.76562,-54.39453
1612668929756,289334230864827,155.07812,-266.5039,-56.73828
1612668929758,289334249910122,154.29688,-271.1914,-57.8125
1612668929761,289334269626885,153.90625,-274.41406,-58.496094
1612668929762,289334288183828,153.41797,-277.9297,-59.179688
1612668929763,289334306984951,153.02734,-279.6875,-58.88672
1612668929765,289334326030244,153.02734,-281.0547,-59.375
1612668929767,289334345502837,152.4414,-283.20312,-58.88672
1612668929768,289334363754578,152.4414,-284.66797,-58.984375
1612668929769,289334382860915,152.14844,-285.35156,-59.66797
1612668929770,289334401784124,151.75781,-286.03516,-59.570312
1612668929772,289334421134631,151.07422,-287.01172,-58.984375
1612668929773,289334440210446,150.48828,-287.40234,-58.203125
1612668929774,289334459255741,150.48828,-287.20703,-57.910156
1612668929775,289334478392598,149.90234,-287.20703,-58.691406
1612668929776,289334497285285,149.90234,-286.91406,-58.88672
1612668929777,289334516757878,149.80469,-287.59766,-58.691406
1612668929780,289334536047343,149.41406,-287.79297,-58.496094
1612668929781,289334555031594,148.92578,-288.1836,-58.203125
1612668929782,289334574412615,148.63281,-287.01172,-57.617188
1612668929785,289334593305302,148.63281,-286.52344,-57.8125
1612668929787,289334612228511,148.24219,-286.52344,-58.007812
1612668929789,289334631579018,148.24219,-285.83984,-58.203125
1612668929790,289334650502227,147.85156,-286.32812,-58.007812
1612668929791,289334669730648,148.24219,-285.7422,-58.30078
1612668929792,289334688959071,148.82812,-285.7422,-57.8125
1612668929793,289334707943322,148.33984,-285.2539,-57.617188
1612668929794,289334727110701,148.24219,-285.44922,-57.910156
1612668929795,289334746278080,148.33984,-285.7422,-58.007812
1612668929796,289334765475981,148.63281,-285.0586,-57.910156
1612668929798,289334784643360,148.33984,-284.5703,-57.8125
1612668929801,289334803749697,148.53516,-284.5703,-58.007812
1612668929803,289334822947598,148.33984,-284.86328,-57.617188
1612668929804,289334842114977,148.82812,-284.375,-58.30078
1612668929806,289334861282350,148.53516,-284.375,-57.8125
1612668929808,289334880419209,149.3164,-284.08203,-57.910156
1612668929809,289334899586588,148.82812,-283.30078,-58.984375
1612668929810,289334918784489,149.02344,-283.30078,-58.203125
1612668929811,289334937951868,149.60938,-281.4453,-58.007812
1612668929812,289334957149769,148.73047,-280.95703,-57.617188
1612668929813,289334976317148,149.3164,-278.90625,-58.007812
1612668929814,289334995454005,149.3164,-277.73438,-57.51953
1612668929815,289335014560342,149.3164,-275.48828,-57.910156
1612668929817,289335033788765,149.90234,-273.2422,-57.128906
1612668929819,289335052895102,149.51172,-269.6289,-55.078125
1612668929820,289335072154045,148.73047,-266.01562,-54.101562
1612668929821,289335091229860,148.92578,-262.40234,-52.34375
1612668929822,289335110397239,147.65625,-258.10547,-50.0
1612668929823,289335129534096,147.16797,-254.29688,-47.16797
1612668929825,289335148762512,146.58203,-249.90234,-43.554688
1612668929826,289335167868849,145.21484,-246.48438,-38.76953
1612668929827,289335187066750,144.33594,-243.65234,-35.15625
1612668929828,289335206264651,143.45703,-241.11328,-30.078125
1612668929829,289335225432030,142.28516,-239.25781,-25.097656
1612668929830,289335244538367,141.01562,-238.1836,-20.898438
1612668929831,289335263736268,140.13672,-238.47656,-18.554688
1612668929832,289335282720519,139.16016,-238.57422,-17.089844
1612668929833,289335302162590,138.3789,-239.45312,-16.601562
1612668929836,289335321085799,137.98828,-239.64844,-16.40625
1612668929837,289335340283700,136.6211,-239.55078,-16.015625
1612668929839,289335359512123,136.03516,-240.03906,-15.527344
1612668929840,289335378618460,135.15625,-240.52734,-15.4296875
1612668929842,289335397724797,134.86328,-240.72266,-14.84375
1612668929843,289335416861656,134.08203,-241.40625,-15.527344
1612668929844,289335436090066,134.57031,-241.40625,-14.746094
1612668929845,289335455196403,134.27734,-241.79688,-16.113281
1612668929847,289335474363782,133.78906,-241.79688,-16.40625
1612668929848,289335493531161,133.98438,-242.1875,-18.847656
1612668929850,289335512668020,133.88672,-242.48047,-19.53125
1612668929851,289335531774357,133.78906,-242.96875,-21.679688
1612668929853,289335550941736,133.59375,-243.26172,-23.144531
1612668929854,289335570109115,134.27734,-243.94531,-25.488281
1612668929855,289335589245974,135.74219,-244.53125,-27.929688
1612668929857,289335608443875,136.32812,-244.92188,-29.785156
1612668929859,289335627672298,137.89062,-244.82422,-31.835938
1612668929860,289335646778635,139.9414,-245.60547,-34.277344
1612668929862,289335665976536,141.60156,-245.89844,-35.253906
1612668929863,289335685143915,144.04297,-245.89844,-37.695312
1612668929865,289335704280772,146.67969,-246.1914,-40.039062
1612668929866,289335723448142,149.60938,-245.9961,-41.308594
1612668929868,289335742585001,152.83203,-245.21484,-41.11328
1612668929869,289335761782902,155.3711,-245.3125,-42.285156
1612668929870,289335780950281,158.30078,-245.70312,-42.871094
1612668929872,289335800178702,160.44922,-246.1914,-44.04297
1612668929873,289335819346081,162.30469,-246.1914,-44.628906
1612668929874,289335838543982,163.57422,-246.38672,-45.117188
1612668929876,289335857711361,164.25781,-247.16797,-44.921875
1612668929878,289335876848218,164.84375,-247.26562,-45.80078
1612668929881,289335895924033,163.96484,-247.94922,-46.191406
1612668929886,289335915091412,164.25781,-247.46094,-46.679688
1612668929891,289335935021825,164.16016,-246.67969,-45.60547
1612668929892,289335953548256,163.1836,-246.77734,-45.117188
1612668929893,289335972959805,162.30469,-247.85156,-45.60547
1612668929895,289335992493440,161.32812,-247.65625,-45.01953
1612668929897,289336011721857,160.2539,-247.26562,-44.23828
1612668929898,289336037542880,159.66797,-247.46094,-44.433594
1612668929899,289336054787417,157.71484,-249.21875,-45.3125
1612668929900,289336069895462,156.9336,-249.51172,-45.996094
1612668929902,289336089307013,156.25,-250.58594,-47.753906
1612668929903,289336108718562,155.27344,-251.46484,-47.851562
1612668929904,289336128069069,153.90625,-252.2461,-48.73047
1612668929905,289336147480620,153.90625,-253.22266,-48.4375
1612668929906,289336167197383,153.41797,-254.58984,-48.4375
1612668929908,289336186700496,152.53906,-254.0039,-48.14453
1612668929909,289336206020483,152.4414,-254.29688,-48.242188
1612668929911,289336228117908,151.95312,-254.78516,-48.4375
1612668929913,289336244416285,151.75781,-256.54297,-49.51172
1612668929915,289336267063092,151.95312,-256.34766,-49.804688
1612668929916,289336286505163,151.75781,-256.4453,-49.902344
1612668929918,289336306191397,151.95312,-256.0547,-49.609375
1612668929919,289336324717828,151.75781,-256.4453,-49.316406
1612668929921,289336343854687,151.75781,-256.0547,-50.195312
1612668929922,289336362838938,151.95312,-256.15234,-49.804688
1612668929923,289336388751525,152.2461,-256.15234,-49.804688
1612668929924,289336399891802,151.66016,-255.85938,-48.828125
1612668929926,289336420157949,151.46484,-255.5664,-48.73047
1612668929927,289336439905229,151.95312,-255.3711,-49.21875
1612668929928,289336458736874,151.66016,-255.27344,-49.121094
1612668929930,289336477812689,151.95312,-255.66406,-49.609375
1612668929931,289336496461205,151.75781,-255.95703,-49.51172
1612668929932,289336516269531,152.14844,-255.17578,-49.51172
1612668929934,289336534734920,151.95312,-254.98047,-49.21875
1612668929935,289336554146470,152.34375,-255.27344,-49.316406
1612668929937,289336572978114,152.73438,-255.3711,-49.51172
1612668929938,289336591687673,152.92969,-255.07812,-49.902344
1612668929940,289336611007659,152.53906,-255.07812,-49.609375
1612668929941,289336630327644,152.73438,-255.07812,-49.121094
1612668929943,289336649739193,152.63672,-254.88281,-49.316406
1612668929944,289336668998136,152.83203,-254.58984,-48.4375
1612668929945,289336688043430,152.63672,-255.07812,-49.609375
1612668929946,289336707424458,152.05078,-254.39453,-48.73047
1612668929948,289336726713922,152.4414,-254.0039,-48.4375
1612668929949,289336745606609,151.85547,-253.61328,-47.36328
1612668929951,289336764896073,151.85547,-252.53906,-47.460938
1612668929952,289336783941366,151.66016,-251.17188,-46.09375
1612668929954,289336803444480,151.07422,-250.97656,-44.433594
1612668929955,289336822611858,150.97656,-249.21875,-44.23828
1612668929957,289336841840280,150.48828,-248.14453,-41.89453
1612668929959,289336860824531,150.09766,-246.38672,-40.234375
1612668929960,289336880083474,149.90234,-244.4336,-37.01172
1612668929961,289336899342416,148.82812,-242.67578,-35.9375
1612668929964,289336918753966,147.85156,-241.99219,-32.910156
1612668929967,289336937768738,146.77734,-240.13672,-30.078125
1612668929971,289336957027681,145.70312,-239.9414,-25.976562
1612668929972,289336976195059,144.6289,-238.3789,-23.046875
1612668929974,289336995362438,143.35938,-238.47656,-20.996094
1612668929976,289337014621381,141.11328,-237.79297,-17.089844
1612668929978,289337033605632,139.55078,-238.96484,-13.769531
1612668929979,289337053017181,137.98828,-239.35547,-12.207031
1612668929980,289337071940390,135.9375,-240.23438,-11.71875
1612668929981,289337091260375,134.66797,-241.40625,-11.230469
1612668929982,289337110549839,133.78906,-241.89453,-12.207031
1612668929983,289337129442526,133.39844,-242.08984,-11.328125
1612668929984,289337148862851,131.64062,-242.67578,-10.644531
1612668929985,289337167999708,130.85938,-243.45703,-10.9375
1612668929987,289337187106045,130.17578,-244.23828,-10.9375
1612668929989,289337206303946,129.6875,-244.14062,-11.9140625
1612668929990,289337225410283,129.0039,-243.75,-11.328125
1612668929992,289337244547140,128.8086,-244.6289,-13.0859375
1612668929993,289337263775563,128.41797,-244.92188,-14.0625
1612668929994,289337282912420,128.90625,-245.50781,-16.015625
1612668929996,289337302049279,127.92969,-245.70312,-17.089844
1612668929998,289337321277700,128.51562,-246.28906,-18.945312
1612668929999,289337340475601,128.90625,-246.875,-21.09375
1612668930001,289337359673502,129.49219,-246.28906,-22.460938
1612668930002,289337378840881,130.46875,-246.1914,-24.21875
1612668930003,289337397977740,132.03125,-245.70312,-25.976562
1612668930004,289337417145119,133.6914,-245.9961,-28.613281
1612668930006,289337436281969,135.64453,-245.50781,-31.152344
1612668930007,289337455418828,138.67188,-244.92188,-32.8125
1612668930008,289337474616729,141.01562,-243.55469,-33.30078
1612668930009,289337493753586,144.53125,-241.89453,-32.8125
1612668930011,289337512890445,147.36328,-240.42969,-32.910156
1612668930012,289337531996782,150.39062,-238.67188,-31.347656
1612668930014,289337551164161,153.8086,-237.30469,-31.542969
1612668930015,289337570362062,156.9336,-236.23047,-29.785156
1612668930017,289337589498921,159.375,-235.74219,-29.6875
1612668930018,289337608727342,161.52344,-235.35156,-30.46875
1612668930019,289337627955763,163.76953,-235.35156,-31.054688
1612668930021,289337647062100,164.7461,-235.35156,-29.980469
1612668930022,289337666260001,165.82031,-235.54688,-29.980469
1612668930023,289337685396858,165.72266,-235.44922,-29.003906
1612668930025,289337704686323,166.11328,-235.15625,-29.101562
1612668930026,289337723792652,165.72266,-235.0586,-29.785156
1612668930028,289337742929509,165.13672,-235.74219,-31.054688
1612668930029,289337762066368,164.55078,-236.71875,-33.496094
1612668930030,289337781233747,163.57422,-237.01172,-34.179688
1612668930032,289337800401126,161.91406,-237.30469,-34.570312
1612668930034,289337819446421,160.44922,-238.28125,-35.15625
1612668930035,289337838735886,158.4961,-239.25781,-35.351562
1612668930037,289337857933787,157.03125,-238.86719,-34.570312
1612668930039,289337877101166,155.3711,-238.96484,-34.179688
1612668930044,289337896299067,153.02734,-238.57422,-32.51953
1612668930045,289337915435926,151.75781,-238.3789,-30.371094
1612668930046,289337934664347,149.90234,-238.28125,-29.6875
1612668930048,289337953862248,148.04688,-238.3789,-29.296875
1612668930049,289337972999107,146.875,-238.76953,-28.222656
1612668930050,289337992166486,145.60547,-238.96484,-27.34375
1612668930052,289338011211770,144.33594,-239.45312,-26.171875
1612668930053,289338030318107,143.55469,-239.25781,-26.660156
1612668930054,289338049485486,142.67578,-239.45312,-26.171875
1612668930055,289338068713909,142.77344,-239.9414,-25.976562
1612668930056,289338087850766,142.38281,-239.7461,-25.976562
1612668930058,289338107048667,142.48047,-239.55078,-26.5625
1612668930060,289338126093962,142.77344,-239.35547,-26.5625
1612668930061,289338145261341,143.26172,-240.33203,-27.636719
1612668930063,289338164459242,142.8711,-240.42969,-27.734375
1612668930064,289338183596099,143.16406,-240.13672,-27.929688
1612668930065,289338221900336,142.67578,-240.52734,-28.710938
1612668930067,289338241067715,142.1875,-241.89453,-29.785156
1612668930068,289338260235094,142.48047,-241.5039,-29.589844
1612668930069,289338279463517,142.67578,-241.69922,-29.589844
1612668930070,289338299119238,142.96875,-240.91797,-29.785156
1612668930072,289338318317130,142.28516,-241.21094,-30.46875
1612668930073,289338337637115,142.28516,-241.5039,-29.785156
1612668930074,289338356682410,142.1875,-241.21094,-30.46875
1612668930076,289338378535663,142.67578,-241.79688,-29.6875
1612668930077,289338425355344,142.77344,-241.79688,-29.6875
1612668930079,289338429689371,142.77344,-241.79688,-29.6875
1612668930080,289338436159888,143.26172,-242.38281,-30.46875
1612668930081,289338455266225,142.8711,-241.99219,-30.761719
1612668930083,289338474677774,143.26172,-241.99219,-30.46875
1612668930084,289338493631505,143.55469,-241.21094,-30.175781
1612668930085,289338512646278,143.55469,-241.5039,-29.785156
1612668930087,289338532271477,143.26172,-241.11328,-29.296875
1612668930089,289338551072600,143.0664,-240.72266,-29.589844
1612668930090,289338570026331,143.16406,-241.01562,-28.90625
1612668930092,289338589132668,143.26172,-240.82031,-28.320312
1612668930093,289338608147431,142.57812,-241.01562,-27.246094
1612668930095,289338627681066,142.38281,-240.52734,-26.855469
1612668930096,289338646360105,141.5039,-240.23438,-25.585938
1612668930098,289338665191750,141.01562,-239.25781,-23.144531
1612668930101,289338684694863,139.9414,-240.03906,-21.289062
1612668930104,289338703465466,138.76953,-239.55078,-18.652344
1612668930106,289338722632845,137.98828,-240.13672,-16.796875
1612668930108,289338741403448,136.91406,-239.9414,-13.769531
1612668930109,289338760418221,135.74219,-240.33203,-11.9140625
1612668930110,289338779768728,134.47266,-241.11328,-11.035156
1612668930111,289338799149757,133.10547,-241.69922,-9.472656
1612668930112,289338818072966,131.44531,-242.48047,-9.1796875
1612668930113,289338837392953,131.15234,-242.77344,-8.59375
1612668930114,289338856407726,129.78516,-244.04297,-8.7890625
1612668930115,289338875453021,129.29688,-243.65234,-7.421875
1612668930117,289338894559347,129.39453,-244.53125,-7.8125
1612668930119,289338913726726,128.51562,-244.72656,-7.8125
1612668930120,289338932833063,127.83203,-245.21484,-7.7148438
1612668930121,289338952092006,127.53906,-245.80078,-9.277344
1612668930122,289338971015215,126.5625,-246.09375,-10.546875
1612668930123,289338990182594,126.953125,-246.77734,-11.5234375
1612668930124,289339009288931,126.66016,-245.80078,-12.3046875
1612668930126,289339028456310,126.171875,-246.28906,-13.769531
1612668930128,289339047623689,126.26953,-245.89844,-14.6484375
1612668930130,289339066730026,126.953125,-246.1914,-16.113281
1612668930132,289339085958447,127.14844,-245.9961,-17.96875
1612668930133,289339105095306,127.92969,-246.1914,-18.847656
1612668930134,289339124293207,128.61328,-245.9961,-20.410156
1612668930135,289339143521628,130.27344,-245.3125,-21.679688
1612668930137,289339162627965,131.9336,-245.3125,-24.121094
1612668930138,289339181825859,133.39844,-244.23828,-25.097656
1612668930140,289339200962716,135.83984,-242.8711,-26.171875
1612668930141,289339220160617,137.79297,-242.67578,-28.417969
1612668930143,289339239297476,140.91797,-242.28516,-30.664062
1612668930144,289339258495377,143.45703,-241.3086,-31.152344
1612668930146,289339277662756,146.38672,-240.13672,-31.445312
1612668930147,289339296952221,149.3164,-239.7461,-32.226562
1612668930149,289339315875430,151.75781,-238.1836,-32.51953
1612668930150,289339335073331,154.88281,-237.98828,-32.8125
1612668930151,289339354149146,157.03125,-237.79297,-32.51953
1612668930152,289339373224961,158.6914,-237.69531,-33.203125
1612668930153,289339392392340,159.76562,-238.08594,-33.496094
1612668930155,289339411620763,161.03516,-237.69531,-33.984375
1612668930156,289339430727100,161.52344,-237.10938,-33.203125
1612668930158,289339449986043,161.6211,-236.71875,-33.496094
1612668930159,289339469092371,161.32812,-237.10938,-33.203125
1612668930160,289339488259750,161.52344,-237.59766,-33.59375
1612668930161,289339507366087,160.64453,-237.5,-33.984375
1612668930163,289339526441902,160.54688,-237.20703,-33.30078
1612668930164,289339545578759,160.54688,-237.30469,-33.496094
1612668930166,289339564807182,159.27734,-237.79297,-34.472656
1612668930167,289339584005083,158.88672,-238.96484,-36.035156
1612668930169,289339603141940,157.61719,-240.625,-37.79297
1612668930170,289339622339841,156.54297,-240.52734,-37.695312
1612668930171,289339641507220,155.66406,-240.42969,-36.23047
1612668930174,289339660613557,155.07812,-239.84375,-35.15625
1612668930176,289339679780936,154.49219,-239.9414,-35.546875
1612668930182,289339698978837,153.41797,-240.82031,-35.64453
1612668930183,289339718146216,152.53906,-240.72266,-35.742188
1612668930184,289339737313595,151.07422,-240.23438,-34.277344
1612668930186,289339756542011,150.6836,-240.72266,-34.179688
1612668930187,289339775678868,149.41406,-239.9414,-33.10547
1612668930188,289339794846247,149.1211,-240.23438,-32.421875
1612668930189,289339814044148,148.4375,-239.7461,-31.152344
1612668930190,289339833211527,147.7539,-240.23438,-31.347656
1612668930191,289339852378906,147.46094,-240.42969,-31.347656
1612668930192,289339871515763,146.97266,-240.72266,-31.152344
1612668930193,289339890652622,146.77734,-241.11328,-31.152344
1612668930194,289339909820001,147.26562,-241.69922,-32.226562
1612668930196,289339928956858,147.26562,-241.60156,-32.128906
1612668930197,289339948185281,146.67969,-241.60156,-32.128906
1612668930200,289339967322138,146.67969,-242.1875,-32.617188
1612668930202,289339986397953,147.07031,-241.79688,-32.421875
1612668930203,289340005534812,146.58203,-241.89453,-32.51953
1612668930205,289340024641149,147.07031,-242.48047,-32.8125
1612668930206,289340043808523,146.67969,-241.60156,-32.910156
1612668930208,289340062975902,146.77734,-242.48047,-34.472656
1612668930209,289340082173803,146.48438,-241.89453,-33.10547
1612668930210,289340101280140,146.58203,-241.5039,-32.8125
1612668930211,289340120478041,147.26562,-242.38281,-32.617188
1612668930212,289340139614900,146.97266,-241.89453,-32.8125
1612668930214,289340158721237,146.97266,-241.40625,-32.910156
1612668930215,289340177827574,147.36328,-241.5039,-32.226562
1612668930216,289340196964431,147.5586,-241.21094,-32.617188
1612668930218,289340216192854,147.16797,-240.625,-33.496094
1612668930219,289340235329711,147.5586,-241.5039,-32.8125
1612668930220,289340254649698,147.07031,-241.89453,-32.8125
1612668930222,289340273572907,146.97266,-241.5039,-33.10547
1612668930223,289340292709766,146.875,-241.3086,-33.59375
1612668930224,289340311907667,147.16797,-241.79688,-33.789062
1612668930226,289340331105556,147.36328,-241.69922,-33.10547
1612668930227,289340350242415,146.67969,-241.40625,-33.984375
1612668930229,289340369409794,146.58203,-241.99219,-34.277344
1612668930230,289340388607695,146.875,-241.69922,-33.59375
1612668930231,289340407836118,146.97266,-241.21094,-33.496094
1612668930232,289340426972975,146.77734,-241.79688,-33.789062
1612668930234,289340446140354,147.07031,-241.79688,-34.570312
1612668930236,289340465246691,146.97266,-241.79688,-33.789062
1612668930238,289340484383548,146.67969,-242.1875,-33.789062
1612668930241,289340503550927,146.28906,-241.89453,-33.59375
1612668930243,289340522657264,146.875,-241.89453,-33.59375
1612668930244,289340541824643,147.16797,-242.08984,-33.88672
1612668930245,289340560992022,147.36328,-242.48047,-34.472656
1612668930246,289340580159401,147.16797,-241.89453,-33.88672
1612668930248,289340599357302,147.46094,-241.89453,-34.472656
1612668930249,289340618463632,147.46094,-241.89453,-34.179688
1612668930250,289340637600489,147.5586,-242.48047,-34.179688
1612668930251,289340656767868,148.04688,-242.67578,-35.15625
1612668930253,289340675996291,148.24219,-242.67578,-35.351562
1612668930254,289340695133148,148.33984,-243.0664,-35.9375
1612668930255,289340714331049,148.4375,-242.67578,-36.621094
1612668930256,289340733467908,148.73047,-242.38281,-35.9375
1612668930258,289340752574245,149.02344,-242.08984,-35.546875
1612668930259,289340771711104,149.41406,-242.67578,-36.914062
1612668930260,289340790878483,149.41406,-242.77344,-36.914062
1612668930262,289340810045862,149.21875,-242.57812,-35.64453
1612668930263,289340829243763,149.90234,-242.67578,-36.328125
1612668930264,289340848411142,149.70703,-242.67578,-35.9375
1612668930265,289340867609043,150.0,-242.57812,-37.597656
1612668930266,289340887173200,149.70703,-242.67578,-36.42578
1612668930268,289340906401613,149.90234,-242.1875,-35.9375
1612668930270,289340925630034,149.60938,-242.77344,-36.914062
1612668930272,289340944858457,150.0,-242.8711,-35.351562
1612668930273,289340964178442,150.19531,-242.38281,-37.01172
1612668930274,289340983010087,150.09766,-242.77344,-36.621094
1612668930276,289341005076990,149.90234,-242.67578,-38.085938
1612668930278,289341023786549,150.09766,-242.38281,-36.42578
1612668930279,289341042801322,150.29297,-242.8711,-37.01172
1612668930281,289341061907659,150.58594,-242.38281,-36.71875
1612668930283,289341081197124,150.48828,-242.77344,-36.621094
1612668930284,289341100395025,150.58594,-242.1875,-37.01172
1612668930285,289341119440320,150.29297,-242.8711,-37.597656
1612668930287,289341138546657,150.29297,-242.67578,-37.109375
1612668930288,289341157500388,150.6836,-242.8711,-37.79297
1612668930289,289341176881417,151.07422,-242.67578,-37.109375
1612668930291,289341195560446,150.48828,-243.45703,-37.01172
1612668930292,289341214666783,150.97656,-242.48047,-37.109375
1612668930293,289341233651034,150.8789,-242.57812,-36.42578
1612668930295,289341252635285,150.58594,-242.77344,-37.98828
1612668930296,289341272199442,150.6836,-243.0664,-37.01172
1612668930298,289341290909001,150.6836,-243.0664,-37.597656
1612668930300,289341309771168,150.8789,-242.8711,-37.01172
1612668930301,289341329426887,150.78125,-242.77344,-36.621094
1612668930303,289341348441660,151.17188,-242.67578,-37.402344
1612668930304,289341367456433,151.46484,-242.67578,-37.01172
1612668930306,289341386623812,151.75781,-242.77344,-37.402344
1612668930307,289341405516499,150.58594,-242.67578,-36.328125
1612668930308,289341424561792,150.97656,-242.77344,-37.402344
1612668930310,289341444522725,151.85547,-242.67578,-36.914062
1612668930311,289341463323848,151.75781,-242.28516,-36.914062
1612668930312,289341482460702,151.75781,-242.38281,-36.42578
1612668930314,289341502818413,151.85547,-242.67578,-37.01172
1612668930315,289341521405888,152.05078,-242.08984,-36.914062
1612668930318,289341540573267,151.85547,-242.28516,-37.402344
1612668930319,289341559954296,151.66016,-242.67578,-37.304688
1612668930321,289341579365847,151.75781,-242.48047,-37.109375
1612668930322,289341599143652,152.05078,-242.67578,-37.79297
1612668930323,289341618158425,151.75781,-242.1875,-37.597656
1612668930324,289341637478410,151.5625,-242.77344,-36.621094
1612668930326,289341656859439,151.85547,-242.38281,-36.42578
1612668930330,289341675874205,151.75781,-242.28516,-36.621094
1612668930332,289341695255232,152.05078,-241.79688,-36.42578
1612668930333,289341714666782,152.34375,-241.60156,-35.9375
1612668930334,289341733773118,151.85547,-241.99219,-35.9375
1612668930336,289341752787890,151.85547,-241.60156,-35.351562
1612668930337,289341771833184,152.14844,-241.99219,-35.64453
1612668930338,289341790786914,152.2461,-242.1875,-36.71875
1612668930339,289341809893250,152.34375,-242.1875,-35.9375
1612668930341,289341829121671,152.63672,-242.48047,-35.546875
1612668930342,289341848807912,152.05078,-242.28516,-35.742188
1612668930343,289341867517472,151.85547,-242.48047,-35.253906
1612668930344,289341886806936,151.85547,-242.1875,-35.9375
1612668930345,289341906218485,152.14844,-242.1875,-36.23047
1612668930346,289341925599513,151.46484,-242.1875,-34.86328
1612668930347,289341944644806,151.5625,-241.40625,-34.570312
1612668930349,289341963690100,151.85547,-241.5039,-34.960938
1612668930352,289341983101649,152.05078,-240.91797,-34.66797
1612668930353,289342002238507,151.66016,-240.91797,-34.179688
1612668930355,289342021344843,151.95312,-240.72266,-34.179688
1612668930356,289342040451179,152.2461,-241.40625,-34.86328
1612668930358,289342059618558,152.05078,-241.40625,-33.984375
1612668930359,289342078877501,151.95312,-240.72266,-33.88672
1612668930361,289342098319571,151.85547,-241.3086,-34.66797
1612668930362,289342117242780,151.66016,-241.3086,-34.472656
1612668930363,289342136379637,151.36719,-241.11328,-34.66797
1612668930364,289342156004836,151.66016,-241.5039,-34.472656
1612668930365,289342175416385,151.75781,-241.3086,-34.66797
1612668930367,289342194827934,151.26953,-241.69922,-33.59375
1612668930368,289342214605739,151.17188,-242.38281,-34.277344
1612668930370,289342233162692,150.8789,-241.40625,-33.984375
1612668930371,289342252238507,150.58594,-241.79688,-34.570312
1612668930372,289342271253279,150.78125,-241.89453,-34.472656
1612668930374,289342290390137,150.6836,-241.89453,-34.472656
1612668930375,289342310198463,150.58594,-242.08984,-33.59375
1612668930377,289342328938543,151.07422,-241.99219,-33.984375
1612668930378,289342348014358,150.58594,-241.79688,-33.984375
1612668930379,289342367029131,150.97656,-241.5039,-33.59375
1612668930381,289342385921818,150.6836,-241.89453,-34.179688
1612668930382,289342405547016,150.29297,-241.40625,-34.277344
1612668930383,289342424683874,150.48828,-241.21094,-34.277344
1612668930385,289342444003859,150.58594,-241.79688,-34.277344
1612668930386,289342463445930,150.6836,-241.99219,-34.570312
1612668930388,289342482582787,150.48828,-241.11328,-34.179688
1612668930390,289342501505996,150.39062,-241.11328,-33.88672
1612668930391,289342520612332,150.29297,-241.5039,-34.472656
1612668930393,289342539840753,150.39062,-241.79688,-34.277344
1612668930394,289342558947089,150.6836,-241.89453,-34.66797
1612668930395,289342578083947,151.46484,-241.01562,-34.570312
1612668930396,289342597159762,150.97656,-241.3086,-35.253906
1612668930399,289342616296619,151.5625,-241.40625,-34.86328
1612668930402,289342635463998,150.78125,-241.5039,-35.253906
1612668930403,289342654692421,151.36719,-240.625,-35.15625
1612668930404,289342673829278,152.05078,-241.40625,-36.23047
1612668930406,289342692996657,152.05078,-242.77344,-37.402344
1612668930407,289342712225078,151.85547,-244.33594,-39.35547
1612668930408,289342731300893,152.05078,-246.48438,-41.503906
1612668930411,289342750498794,152.4414,-248.82812,-44.23828
1612668930413,289342769635653,152.53906,-252.63672,-47.851562
1612668930414,289342788741990,153.02734,-257.32422,-51.660156
1612668930416,289342807939891,153.71094,-261.32812,-53.808594
1612668930417,289342827107270,154.49219,-266.89453,-55.859375
1612668930419,289342846305171,155.27344,-272.46094,-57.32422
1612668930420,289342865442030,155.66406,-278.8086,-58.984375
1612668930421,289342884639923,156.54297,-284.66797,-59.765625
1612668930422,289342903837824,157.8125,-290.72266,-59.570312
1612668930423,289342923401981,158.20312,-295.5078,-59.277344
1612668930424,289342942630402,159.375,-300.29297,-57.8125
1612668930425,289342961858825,159.86328,-303.51562,-56.835938
1612668930426,289342999735764,161.52344,-305.66406,-56.25
1612668930427,289343004924387,161.52344,-305.66406,-56.25
1612668930429,289343019360964,163.86719,-308.78906,-54.492188
1612668930430,289343043167575,163.86719,-311.1328,-53.125
1612668930432,289343061541400,166.11328,-312.98828,-52.734375
1612668930434,289343081777025,167.28516,-313.47656,-52.05078
1612668930436,289343099479381,167.96875,-314.2578,-52.929688
1612668930437,289343119898133,168.75,-314.7461,-51.171875
1612668930439,289343141049397,169.4336,-315.03906,-50.48828
1612668930440,289343156401613,170.3125,-315.52734,-49.51172
1612668930441,289343177278184,170.89844,-315.72266,-50.0
1612668930442,289343194766892,171.1914,-315.4297,-49.316406
1612668930443,289343214270005,171.97266,-316.5039,-49.804688
1612668930444,289343232460702,172.46094,-316.01562,-49.316406
1612668930445,289343251902772,172.7539,-316.11328,-49.21875
1612668930446,289343271558492,172.46094,-316.69922,-48.92578
1612668930448,289343290664828,173.04688,-316.3086,-48.92578
1612668930450,289343309343866,172.36328,-316.69922,-49.21875
1612668930451,289343328755416,172.94922,-317.1875,-48.535156
1612668930453,289343347770188,173.4375,-317.48047,-49.51172
1612668930455,289343366327141,172.7539,-317.28516,-48.73047
1612668930456,289343386440680,173.04688,-316.79688,-48.535156
1612668930459,289343404936590,173.33984,-317.08984,-48.4375
1612668930460,289343424195533,173.33984,-317.96875,-48.828125
1612668930461,289343443637603,173.14453,-317.67578,-47.851562
1612668930462,289343463049153,173.4375,-317.67578,-47.558594
1612668930464,289343482695704,173.24219,-317.3828,-48.535156
1612668930465,289343501679955,173.53516,-317.1875,-48.046875
1612668930466,289343520786291,173.04688,-317.57812,-47.753906
1612668930468,289343540106277,173.24219,-317.96875,-47.460938
1612668930469,289343559304177,173.63281,-317.77344,-47.460938
1612668930472,289343578746247,173.24219,-317.96875,-47.753906
1612668930473,289343597730498,173.24219,-317.28516,-47.558594
1612668930474,289343616989441,172.94922,-317.96875,-47.460938
1612668930476,289343636278905,172.94922,-318.16406,-48.828125
1612668930477,289343659444575,172.7539,-317.77344,-48.535156
1612668930479,289343675468260,172.94922,-318.35938,-48.242188
1612668930480,289343694879811,173.14453,-318.0664,-48.14453
1612668930482,289343713894584,173.14453,-318.0664,-48.4375
1612668930483,289343733123005,172.5586,-318.16406,-48.535156
1612668930484,289343752229342,172.85156,-318.45703,-48.4375
1612668930485,289343773838425,172.36328,-318.75,-48.242188
1612668930486,289343794562387,172.46094,-318.75,-48.535156
1612668930488,289343813394032,172.46094,-318.75,-47.753906
1612668930489,289343832439325,173.04688,-318.45703,-48.4375
1612668930490,289343851484619,173.33984,-318.16406,-48.828125
1612668930491,289343870529912,172.85156,-317.67578,-48.73047
1612668930492,289343889971983,173.04688,-317.8711,-48.92578
1612668930494,289343908651021,172.85156,-317.28516,-48.4375
1612668930495,289343927269016,172.7539,-317.48047,-48.4375
1612668930496,289343946589002,173.14453,-317.3828,-48.046875
1612668930498,289343965908987,173.14453,-316.89453,-48.73047
1612668930499,289344003755404,172.94922,-317.1875,-48.242188
1612668930501,289344022739655,173.14453,-317.67578,-48.4375
1612668930502,289344041510257,172.85156,-316.79688,-47.753906
1612668930504,289344061867966,173.04688,-317.28516,-47.558594
1612668930505,289344080730132,172.94922,-316.89453,-47.851562
1612668930507,289344099500734,172.46094,-317.1875,-47.460938
1612668930509,289344118668113,172.46094,-317.28516,-47.558594
1612668930510,289344137835492,172.46094,-317.3828,-47.753906
1612668930512,289344156056710,172.5586,-318.0664,-47.851562
1612668930513,289344175559823,172.26562,-317.96875,-48.535156
1612668930514,289344195154500,172.36328,-317.28516,-48.14453
1612668930516,289344213894581,172.26562,-317.57812,-47.753906
1612668930518,289344232817789,172.46094,-318.26172,-48.4375
1612668930520,289344252229339,172.85156,-317.08984,-48.14453
1612668930524,289344271640888,172.7539,-317.3828,-48.242188
1612668930528,289344290808267,172.7539,-317.67578,-48.14453
1612668930530,289344310311380,172.65625,-317.3828,-48.242188
1612668930531,289344329631365,172.07031,-317.67578,-48.92578
1612668930532,289344348768223,172.36328,-317.08984,-48.14453
1612668930533,289344367844038,172.46094,-317.3828,-48.046875
1612668930535,289344386675682,172.36328,-317.3828,-47.753906
1612668930536,289344405812540,171.875,-317.48047,-47.851562
1612668930538,289344424827312,172.16797,-317.48047,-48.14453
1612668930539,289344444177819,171.97266,-317.77344,-48.046875
1612668930540,289344463406240,172.26562,-317.77344,-48.242188
1612668930542,289344482543098,172.16797,-317.48047,-48.4375
1612668930543,289344501863083,172.07031,-317.3828,-48.828125
1612668930544,289344521030462,172.46094,-317.48047,-48.73047
1612668930546,289344540258883,172.36328,-317.1875,-48.242188
1612668930547,289344559700954,172.16797,-316.69922,-47.558594
1612668930549,289344579081982,172.07031,-317.28516,-48.4375
1612668930551,289344598035712,172.5586,-316.60156,-48.242188
1612668930552,289344617111526,171.875,-317.28516,-48.14453
1612668930553,289344636339948,172.07031,-317.3828,-48.828125
1612668930554,289344655293678,171.77734,-317.1875,-47.753906
1612668930555,289344674583142,171.48438,-316.79688,-48.242188
1612668930557,289344693811563,172.46094,-317.67578,-47.851562
1612668930558,289344713467283,172.07031,-317.48047,-48.4375
1612668930559,289344732451534,171.48438,-317.57812,-48.046875
1612668930560,289344751832562,171.48438,-317.77344,-48.535156
1612668930561,289344770786291,171.67969,-317.67578,-48.4375
1612668930563,289344790106277,171.58203,-317.57812,-48.242188
1612668930564,289344809548347,171.58203,-317.3828,-47.460938
1612668930565,289344828837811,171.48438,-317.3828,-47.16797
1612668930566,289344848066233,171.58203,-316.89453,-47.36328
1612668930568,289344867477782,171.38672,-316.60156,-47.460938
1612668930569,289344886797767,171.28906,-317.1875,-47.753906
1612668930571,289344905751497,171.38672,-317.67578,-48.14453
1612668930572,289344925102004,171.97266,-317.1875,-47.460938
1612668930574,289344944360947,171.48438,-317.96875,-47.460938
1612668930576,289344963803017,171.28906,-318.26172,-47.851562
1612668930577,289344982939875,171.67969,-317.77344,-47.753906
1612668930579,289345002168296,170.9961,-317.3828,-47.460938
1612668930580,289345020969419,171.09375,-317.8711,-47.851562
1612668930581,289345039984192,170.80078,-317.77344,-47.460938
1612668930583,289345059334698,171.48438,-317.77344,-47.753906
1612668930584,289345078502077,170.89844,-318.16406,-46.875
1612668930585,289345097608413,171.09375,-317.08984,-46.484375
1612668930587,289345116592664,171.58203,-317.8711,-47.36328
1612668930588,289345136126299,171.38672,-317.67578,-47.851562
1612668930589,289345155141071,171.48438,-317.3828,-47.460938
1612668930591,289345174552620,171.38672,-317.48047,-46.777344
1612668930592,289345193964170,171.28906,-317.67578,-46.777344
1612668930593,289345213131548,171.67969,-317.8711,-46.191406
1612668930595,289345232115799,171.67969,-317.48047,-47.070312
1612668930596,289345251466306,171.28906,-317.3828,-47.753906
1612668930598,289345270908377,171.28906,-317.48047,-47.36328
1612668930600,289345290136798,171.38672,-316.9922,-47.460938
1612668930601,289345309548347,171.58203,-317.1875,-46.38672
1612668930603,289345329173546,171.1914,-316.9922,-46.679688
1612668930605,289345347974669,171.38672,-316.89453,-47.558594
1612668930606,289345367142048,171.09375,-317.67578,-47.851562
1612668930608,289345386156820,170.9961,-317.3828,-48.046875
1612668930609,289345405629412,171.28906,-317.28516,-47.851562
1612668930610,289345424827312,171.1914,-316.69922,-47.070312
1612668930612,289345443964170,171.09375,-316.9922,-46.679688
1612668930613,289345463131548,171.48438,-317.3828,-48.242188
1612668930615,289345482491644,171.38672,-316.9922,-47.460938
1612668930622,289345501994757,171.48438,-317.1875,-47.460938
1612668930624,289345521467349,171.58203,-316.9922,-47.16797
1612668930627,289345540726292,171.1914,-317.3828,-47.16797
1612668930631,289345560320969,171.28906,-316.89453,-47.36328
1612668930632,289345579183135,171.48438,-317.28516,-47.36328
1612668930633,289345598167386,171.875,-316.9922,-48.046875
1612668930634,289345617304243,171.58203,-316.60156,-47.460938
1612668930635,289345636563186,172.07031,-316.89453,-47.36328
1612668930636,289345659087908,171.38672,-317.08984,-47.851562
1612668930638,289345678041638,171.48438,-316.21094,-46.679688
1612668930639,289345697911007,171.58203,-316.3086,-47.851562
1612668930640,289345717017343,171.28906,-317.08984,-47.070312
1612668930642,289345735421689,171.58203,-317.57812,-47.16797
1612668930643,289345754894281,171.38672,-317.8711,-47.070312
1612668930644,289345774061660,171.58203,-316.79688,-47.16797
1612668930647,289345792740698,171.09375,-317.08984,-47.851562
1612668930648,289345812365896,171.1914,-317.48047,-47.558594
1612668930650,289345831472233,171.48438,-317.08984,-47.558594
1612668930651,289345850548048,171.38672,-317.67578,-47.070312
1612668930652,289345869715426,170.9961,-318.0664,-47.558594
1612668930654,289345888974369,171.09375,-317.67578,-47.558594
1612668930655,289345907806014,170.9961,-317.3828,-46.875
1612668930656,289345926637658,171.77734,-317.67578,-47.558594
1612668930658,289345945530345,171.48438,-317.96875,-46.875
1612668930659,289345964972416,171.28906,-317.8711,-47.36328
1612668930661,289345984567093,171.77734,-317.57812,-46.875
1612668930662,289346003826036,171.77734,-316.9922,-47.460938
1612668930663,289346022810287,170.70312,-317.48047,-46.777344
1612668930664,289346041916623,171.48438,-317.28516,-47.36328
1612668930665,289346061145044,171.58203,-317.3828,-46.38672
1612668930667,289346080526072,171.875,-317.77344,-47.460938
1612668930669,289346099601887,172.07031,-317.57812,-47.16797
1612668930670,289346118830309,172.07031,-317.57812,-47.16797
1612668930671,289346137997687,171.77734,-317.28516,-47.36328
1612668930673,289346157134545,171.97266,-317.1875,-46.875
1612668930674,289346176332445,171.77734,-317.28516,-47.070312
1612668930675,289346195255654,171.38672,-317.57812,-48.046875
1612668930677,289346214331468,172.26562,-317.57812,-47.460938
1612668930679,289346233590411,171.77734,-317.28516,-47.36328
1612668931109,289346252605183,171.97266,-316.79688,-47.460938
1612668931110,289346271619956,171.97266,-317.1875,-47.460938
1612668931111,289346290970462,171.58203,-317.3828,-47.460938
1612668931112,289346309924192,171.875,-317.1875,-48.242188
1612668931113,289346329030528,171.875,-317.3828,-47.460938
1612668931115,289346348472599,171.97266,-316.69922,-47.558594
1612668931117,289346367212680,171.58203,-316.9922,-47.16797
1612668931119,289346387082048,171.875,-316.9922,-47.460938
1612668931121,289346405883172,171.77734,-316.79688,-46.875
1612668931123,289346424867423,171.67969,-317.1875,-46.679688
1612668931124,289346444156887,172.07031,-316.69922,-46.484375
1612668931126,289346463324265,172.16797,-316.60156,-46.875
1612668931127,289346482735815,172.16797,-316.5039,-46.777344
1612668931128,289346501659023,171.58203,-316.69922,-47.070312
1612668931130,289346520734838,171.67969,-316.40625,-47.16797
1612668931131,289346539963259,172.07031,-316.89453,-48.14453
1612668931132,289346558764383,172.07031,-316.60156,-47.16797
1612668931133,289346577840198,171.97266,-316.21094,-47.16797
1612668931135,289346596854970,172.36328,-315.91797,-47.070312
1612668931137,289346616144434,171.97266,-315.8203,-46.679688
1612668931139,289346635098164,171.875,-316.11328,-46.484375
1612668931140,289346654051893,171.97266,-315.625,-46.38672
1612668931142,289346673310836,172.16797,-315.33203,-45.703125
1612668931143,289346692234044,172.26562,-315.625,-46.09375
1612668931145,289346711248817,172.16797,-315.72266,-46.191406
1612668931662,289346730263589,172.36328,-315.03906,-45.60547
1612668931663,289346749339404,171.97266,-315.4297,-45.60547
1612668931664,289346768537304,172.16797,-315.8203,-46.38672
1612668931666,289346787765726,172.5586,-315.13672,-46.191406
1612668931668,289346806963626,172.16797,-316.11328,-45.996094
1612668931669,289346826008919,171.77734,-315.52734,-46.191406
1612668931670,289346845084734,171.97266,-316.01562,-46.09375
1612668931672,289346864068985,173.04688,-316.01562,-46.875
1612668931673,289346883114279,172.85156,-316.11328,-46.777344
1612668931674,289346902159572,172.65625,-316.5039,-47.851562
1612668931675,289346921662686,172.46094,-316.11328,-47.558594
1612668931676,289346940860586,172.07031,-316.5039,-47.070312
1612668931678,289346959936401,172.26562,-316.69922,-46.777344
1612668931680,289346978890130,172.5586,-316.11328,-45.703125
1612668931681,289346997965945,172.7539,-316.69922,-46.777344
1612668931682,289347016950196,172.5586,-316.3086,-46.484375
1612668931683,289347035995490,172.7539,-316.3086,-47.851562
1612668931685,289347055040784,172.46094,-315.91797,-46.484375
1612668931686,289347074055556,172.46094,-316.3086,-46.777344
1612668931688,289347093375541,172.36328,-316.60156,-46.679688
1612668931689,289347112756569,172.26562,-316.69922,-46.484375
1612668931690,289347132015512,172.16797,-316.69922,-46.191406
1612668931692,289347151274455,172.46094,-316.5039,-47.070312
1612668931693,289347170686004,172.16797,-316.60156,-47.460938
1612668931695,289347190067032,171.58203,-316.9922,-47.16797
1612668931696,289347209203889,171.67969,-316.5039,-47.070312
1612668931697,289347228188140,171.77734,-316.40625,-46.875
1612668931699,289347247477604,171.1914,-317.1875,-46.875
1612668931760,289347266736547,171.58203,-316.60156,-46.679688
1612668931761,289347286148096,171.77734,-316.3086,-46.484375
1612668931765,289347305773295,171.58203,-315.625,-46.38672
1612668931766,289347324696503,172.07031,-316.11328,-46.191406
